0 IRIDIUM 7
1 24793U 97020B   26071.51251582  .00000492  00000-0  16199-3 0  9992
2 24793  86.3908  64.4117 0001975  80.9987 279.1433 14.36187486510404
0 IRIDIUM 5
1 24795U 97020D   26071.62611496  .00005035  00000-0  38599-3 0  9996
2 24795  86.3893 319.6474 0099647 252.3257 106.7076 14.97664148525594
0 IRIDIUM 4
1 24796U 97020E   26071.46659473  .00000523  00000-0  16944-3 0  9993
2 24796  86.3908  61.1269 0002149  84.7820 275.3622 14.37096130510999
0 IRIDIUM 914
1 24836U 97030A   26071.48018921  .00000582  00000-0  17440-3 0  9995
2 24836  86.3878  68.9329 0003605  74.2365 285.9232 14.41164397645762
0 IRIDIUM 16
1 24841U 97030F   26071.56650740  .00000447  00000-0  13847-3 0  9998
2 24841  86.3968  92.5440 0000210 160.5315 199.5891 14.38985112505597
0 IRIDIUM 911
1 24842U 97030G   26071.55400712  .00000640  00000-0  16690-3 0  9994
2 24842  86.4392  91.0175 0011903 285.1045  74.8841 14.48020824513910
0 IRIDIUM 17
1 24870U 97034B   26071.57685170  .00000429  00000-0  13516-3 0  9993
2 24870  86.3944 121.9799 0001983 137.5556 222.5795 14.38123618502150
0 IRIDIUM 920
1 24871U 97034C   26071.55515028  .00000441  00000-0  12894-3 0  9998
2 24871  86.3920 100.5722 0009276 277.4710  82.5436 14.41826052505248
0 IRIDIUM 26
1 24903U 97043A   26071.29417384  .00000565  00000-0  18262-3 0  9993
2 24903  86.4016 357.9268 0001930  84.6965 275.4453 14.37420677495252
0 IRIDIUM 22
1 24907U 97043E   26071.30871928  .00000437  00000-0  14327-3 0  9993
2 24907  86.4019   1.6885 0002073  89.5594 270.5841 14.36199949495259
0 IRIDIUM 29
1 24944U 97051A   26071.58119190  .00000534  00000-0  17468-3 0  9996
2 24944  86.3970  31.1944 0002309  90.0822 270.0639 14.36747042491802
0 IRIDIUM 33
1 24946U 97051C   26071.44519043  .00000387  00000-0  12867-3 0  9998
2 24946  86.3887  30.5417 0005827 287.8872  72.1689 14.35103608491212
0 IRIDIUM 28
1 24948U 97051E   26071.59495338  .00000524  00000-0  16797-3 0  9995
2 24948  86.3983  28.5547 0001661  82.3795 277.7591 14.37641557492405
0 IRIDIUM 36
1 24967U 97056C   26071.44658295  .00000554  00000-0  17725-3 0  9993
2 24967  86.3920  60.2274 0001942  92.2617 267.8803 14.37875736490763
0 IRIDIUM 39
1 25042U 97069D   26071.54600523  .00000720  00000-0  18142-3 0  9993
2 25042  86.3854  96.0923 0019516 125.6161 234.6865 14.49656175487834
0 IRIDIUM 38
1 25043U 97069E   26071.58052411  .00000452  00000-0  14166-3 0  9999
2 25043  86.3941 120.3304 0000940  36.9277 323.1986 14.38415977484532
0 IRIDIUM 42
1 25077U 97077A   26071.57010406  .00000397  00000-0  12837-3 0  9993
2 25077  86.3961 126.8442 0001799  75.5214 284.6182 14.36624640479729
0 IRIDIUM 44
1 25078U 97077B   26071.56372285  .00000367  00000-0  10925-3 0  9992
2 25078  86.3918 108.0386 0001651 146.3020 213.8285 14.40513663482336
0 IRIDIUM 45
1 25104U 97082A   26071.55647041  .00026260  00000-0  63546-3 0  9999
2 25104  86.3481 276.2114 0089206  37.4097 323.3319 15.36839360493040
0 IRIDIUM 24
1 25105U 97082B   26071.25555614  .00000563  00000-0  16425-3 0  9993
2 25105  86.3938 326.5908 0009214 273.9546  86.0601 14.42444314481855
0 IRIDIUM 51
1 25262U 98018A   26071.59137701  .02721188 -14189-5  12290-2 0  9996
2 25262  86.3424 278.8642 0013857 268.7285  91.2426 16.21909946488826
0 IRIDIUM 57
1 25273U 98019B   26071.37759644  .00000501  00000-0  16544-3 0  9996
2 25273  86.3971  32.7663 0002023  87.0875 273.0554 14.36127890463273
0 IRIDIUM 63
1 25286U 98021B   26071.25907973  .00000427  00000-0  13813-3 0  9993
2 25286  86.4019 329.6709 0002290  89.9004 270.2456 14.36827176462331
0 IRIDIUM 69
1 25319U 98026A   26071.27637763  .00000607  00000-0  18154-3 0  9997
2 25319  86.4026 342.1019 0001845 159.0450 201.0826 14.41324899461678
0 IRIDIUM 71
1 25320U 98026B   26071.25745547  .00000533  00000-0  15854-3 0  9999
2 25320  86.4020 336.7787 0000633  10.0180 350.1032 14.41409924462203
0 IRIDIUM 73
1 25344U 98032C   26071.57096595  .00000569  00000-0  13543-3 0  9991
2 25344  86.4377 292.8206 0002386 104.5050 255.6421 14.52125843469502
0 IRIDIUM 82
1 25467U 98051A   26071.22271991  .00083274  00000-0  10248-2 0  9997
2 25467  86.3593 335.7062 0046013 347.8659  12.1491 15.58641826465270
0 IRIDIUM 106
1 41917U 17003A   26071.60562687  .00000107  00000-0  31271-4 0  9995
2 41917  86.3976 128.9435 0002131 106.7175 253.4255 14.34217170479364
0 IRIDIUM 103
1 41918U 17003B   26071.52317363  .00000176  00000-0  55784-4 0  9997
2 41918  86.3976 128.8781 0001989  88.1452 271.9972 14.34217520479370
0 IRIDIUM 109
1 41919U 17003C   26071.59928524  .00000019  00000-0 -40869-6 0  9999
2 41919  86.3974 128.9039 0002095  95.1208 265.0227 14.34217637479356
0 IRIDIUM 102
1 41920U 17003D   26071.56757284  .00000049  00000-0  10448-4 0  9991
2 41920  86.3969 128.8430 0002285  95.8855 264.2601 14.34217767479432
0 IRIDIUM 105
1 41921U 17003E   26071.53296816  .00000187  00000-0  59602-4 0  9996
2 41921  86.3917  97.3031 0002215  92.0446 268.1004 14.34401787481284
0 IRIDIUM 104
1 41922U 17003F   26071.58025846 -.00000025  00000-0 -15972-4 0  9990
2 41922  86.3977 128.8786 0002179  87.6145 272.5300 14.34217235479427
0 IRIDIUM 114
1 41923U 17003G   26071.58659824  .00000237  00000-0  77509-4 0  9997
2 41923  86.3974 128.8596 0002132  90.5697 269.5743 14.34218632479405
0 IRIDIUM 108
1 41924U 17003H   26071.54512069  .00000042  00000-0  79354-5 0  9998
2 41924  86.3913  97.1875 0002370  94.5903 265.5563 14.34217186481250
0 IRIDIUM 112
1 41925U 17003J   26071.57391537  .00000123  00000-0  37003-4 0  9991
2 41925  86.3972 128.7115 0002142  92.1467 267.9974 14.34217695479423
0 IRIDIUM 111
1 41926U 17003K   26071.56122927  .00000010  00000-0 -33592-5 0  9992
2 41926  86.3971 128.7848 0001993  94.7857 265.3567 14.34217714479400
0 IRIDIUM 113
1 42803U 17039A   26071.54119778  .00000448  00000-0  15309-3 0  9992
2 42803  86.4030   2.5603 0002243  79.1942 280.9506 14.34207806457336
0 IRIDIUM 123
1 42804U 17039B   26071.44313620  .00000042  00000-0  78990-5 0  9991
2 42804  86.3979  34.0534 0002045  85.6114 274.5316 14.34217725456084
0 IRIDIUM 120
1 42805U 17039C   26071.53485190  .00000036  00000-0  58390-5 0  9999
2 42805  86.4017   2.3582 0002126  89.0707 271.0733 14.34217739457324
0 IRIDIUM 115
1 42806U 17039D   26071.54071411 -.00000286  00000-0 -90937-4 0  9999
2 42806  86.4552   2.4704 0001811  89.7929 270.3479 14.43278310460324
0 IRIDIUM 118
1 42807U 17039E   26071.40508078  .00000292  00000-0  97295-4 0  9998
2 42807  86.3978  34.0670 0002212  84.5510 275.5939 14.34217793456077
0 IRIDIUM 117
1 42808U 17039F   26071.42410766 -.00000200  00000-0 -78628-4 0  9997
2 42808  86.3978  34.0181 0001933  85.1563 274.9853 14.34216986456104
0 IRIDIUM 126
1 42809U 17039G   26071.44947862 -.00000100  00000-0 -42699-4 0  9990
2 42809  86.3978  34.0571 0002027  82.4321 277.7105 14.34217236456082
0 IRIDIUM 124
1 42810U 17039H   26071.26682501  .00000460  00000-0  13073-3 0  9998
2 42810  86.4528 330.8999 0002067  85.0278 275.1159 14.43277017461137
0 IRIDIUM 128
1 42811U 17039J   26071.50998497  .00000041  00000-0  74701-5 0  9992
2 42811  86.3915  65.5635 0002134  95.0687 265.0752 14.34217529456128
0 IRIDIUM 121
1 42812U 17039K   26071.39873801  .00000050  00000-0  10849-4 0  9993
2 42812  86.3981  34.1047 0002236  88.6843 271.4609 14.34217853455958
0 IRIDIUM 133
1 42955U 17061A   26071.54169781  .00000008  00000-0 -40956-5 0  9995
2 42955  86.3918  65.6661 0002062  90.1853 269.9579 14.34217526440929
0 IRIDIUM 100
1 42956U 17061B   26071.46558659  .00000040  00000-0  70637-5 0  9997
2 42956  86.3917  65.6187 0002145  89.1383 271.0059 14.34217613440913
0 IRIDIUM 122
1 42957U 17061C   26071.50364031  .00000066  00000-0  16682-4 0  9999
2 42957  86.3914  65.6024 0002065  87.9023 272.2409 14.34217648440920
0 IRIDIUM 129
1 42958U 17061D   26071.52901265  .00000037  00000-0  61791-5 0  9998
2 42958  86.3917  65.6580 0002424  83.0791 277.0680 14.34217588440948
0 IRIDIUM 119
1 42959U 17061E   26071.49729648  .00000177  00000-0  56298-4 0  9998
2 42959  86.3916  65.6666 0002154  84.6516 275.4925 14.34219203440956
0 IRIDIUM 107
1 42960U 17061F   26071.51632634  .00000035  00000-0  53447-5 0  9998
2 42960  86.3917  65.6795 0001854  89.0764 271.0644 14.34217615440968
0 IRIDIUM 132
1 42961U 17061G   26071.52266928  .00000014  00000-0 -21167-5 0  9991
2 42961  86.3917  65.6570 0001995  90.4308 269.7116 14.34217398440962
0 IRIDIUM 136
1 42962U 17061H   26071.48461395  .00000061  00000-0  14660-4 0  9992
2 42962  86.3920  65.6791 0002108  86.9020 273.2417 14.34217788440978
0 IRIDIUM 139
1 42963U 17061J   26071.56072578  .00000028  00000-0  30733-5 0  9996
2 42963  86.3920  65.7076 0002146  90.6652 269.4790 14.34217671440995
0 IRIDIUM 125
1 42964U 17061K   26071.47827001  .00000073  00000-0  19103-4 0  9993
2 42964  86.3924  65.8016 0001790  77.3541 282.7855 14.34217985440996
0 IRIDIUM 135
1 43070U 17083A   26071.52216122  .00000203  00000-0  65272-4 0  9991
2 43070  86.4027   2.4106 0002191  83.6786 276.4659 14.34216782430292
0 IRIDIUM 138
1 43071U 17083B   26071.26846318  .00000007  00000-0 -46106-5 0  9998
2 43071  86.4037   2.1979 0002185  73.6452 286.4984 14.34217490430245
0 IRIDIUM 116
1 43072U 17083C   26071.30651915  .00000060  00000-0  14191-4 0  9997
2 43072  86.4024   2.4888 0002210  94.1519 265.9929 14.34217288430285
0 IRIDIUM 130
1 43073U 17083D   26071.55387913  .00000042  00000-0  77730-5 0  9998
2 43073  86.4033   2.6509 0001934  91.1041 269.0377 14.34217813430261
0 IRIDIUM 151
1 43074U 17083E   26071.31920400  .00000046  00000-0  93418-5 0  9992
2 43074  86.4030   2.5390 0002252  86.1698 273.9755 14.34217799430258
0 IRIDIUM 134
1 43075U 17083F   26071.35725923  .00000021  00000-0  32737-6 0  9991
2 43075  86.4026   2.5295 0002035  87.0497 273.0932 14.34217555430229
0 IRIDIUM 137
1 43076U 17083G   26071.50948196  .00000054  00000-0  12294-4 0  9998
2 43076  86.4029   2.5569 0002498  94.0253 266.1229 14.34217983430315
0 IRIDIUM 141
1 43077U 17083H   26071.36360280  .00000214  00000-0  69355-4 0  9993
2 43077  86.4023   2.4540 0002171  82.8638 277.2805 14.34217955430297
0 IRIDIUM 153
1 43078U 17083J   26071.24600637  .00000328  00000-0  11007-3 0  9990
2 43078  86.4011 331.0162 0002009  78.7101 281.4321 14.34220804431383
0 IRIDIUM 131
1 43079U 17083K   26071.35091700  .00000168  00000-0  52947-4 0  9999
2 43079  86.4029   2.6382 0002257  82.9317 277.2136 14.34218067430226
0 IRIDIUM 144
1 43249U 18030A   26071.25235502  .00000019  00000-0 -99452-7 0  9991
2 43249  86.4007 330.9452 0002091  89.1312 271.0123 14.34217596416246
0 IRIDIUM 149
1 43250U 18030B   26071.25869735  .00000247  00000-0  80996-4 0  9996
2 43250  86.4006 330.9106 0002141  82.9757 277.1682 14.34216627416266
0 IRIDIUM 157
1 43251U 18030C   26071.20795620  .00000126  00000-0  37844-4 0  9993
2 43251  86.4009 330.9828 0002104  83.0448 277.0987 14.34217657416237
0 IRIDIUM 140
1 43252U 18030D   26071.64559518  .00000010  00000-0 -34728-5 0  9998
2 43252  86.4001 330.8127 0001921  86.1639 273.9776 14.34217484416355
0 IRIDIUM 145
1 43253U 18030E   26071.21429154  .00000226  00000-0  73648-4 0  9995
2 43253  86.4007 330.9652 0002032  95.0749 265.0679 14.34215335416224
0 IRIDIUM 146
1 43254U 18030F   26071.26503974  .00000098  00000-0  27834-4 0  9997
2 43254  86.4003 330.9564 0002166  88.8110 271.3334 14.34217876416245
0 IRIDIUM 148
1 43255U 18030G   26071.65193813  .00000003  00000-0 -58694-5 0  9994
2 43255  86.4001 330.8365 0002147  86.3489 273.7953 14.34217520416332
0 IRIDIUM 142
1 43256U 18030H   26071.27138220  .00000256  00000-0  84263-4 0  9993
2 43256  86.4005 330.8884 0002038  93.1433 266.9996 14.34217767416241
0 IRIDIUM 150
1 43257U 18030J   26071.23966704  .00000357  00000-0  12058-3 0  9990
2 43257  86.4008 331.0146 0002050  85.3615 274.7815 14.34216714416268
0 IRIDIUM 143
1 43258U 18030K   26071.22064126  .00000041  00000-0  74182-5 0  9995
2 43258  86.4008 331.1110 0001939  90.7120 269.4298 14.34217736416190
0 IRIDIUM 161
1 43478U 18047C   26071.59114681  .00000374  00000-0  10516-3 0  9997
2 43478  86.4497 128.8708 0002477  88.0041 272.1444 14.43276125411208
0 IRIDIUM 152
1 43479U 18047D   26071.54220182  .00000153  00000-0  47701-4 0  9999
2 43479  86.3971 128.7517 0002216  91.1778 268.9671 14.34217156408632
0 IRIDIUM 147
1 43480U 18047E   26071.54854457  .00000195  00000-0  62462-4 0  9996
2 43480  86.3968 128.7524 0002264  98.8090 261.3362 14.34217514408634
0 IRIDIUM 110
1 43481U 18047F   26071.55488797  .00000017  00000-0 -10381-5 0  9996
2 43481  86.3975 128.8391 0002434  85.4552 274.6922 14.34217634408621
0 IRIDIUM 162
1 43482U 18047G   26071.58484362  .00000389  00000-0  10952-3 0  9997
2 43482  86.4494 128.7658 0002139  94.8456 265.2989 14.43277410411196
0 IRIDIUM 160
1 43569U 18061A   26071.57049189  .00000097  00000-0  27518-4 0  9995
2 43569  86.3912  97.2103 0002341  90.7538 269.3926 14.34217817399525
0 IRIDIUM 166
1 43570U 18061B   26071.52609348  .00000090  00000-0  25001-4 0  9999
2 43570  86.3913  97.1807 0002239  95.4894 264.6557 14.34217832399548
0 IRIDIUM 158
1 43571U 18061C   26071.56414904 -.00000026  00000-0 -16255-4 0  9998
2 43571  86.3912  97.1745 0001969  89.8810 270.2611 14.34216943399516
0 IRIDIUM 165
1 43572U 18061D   26071.51975070  .00000043  00000-0  82469-5 0  9998
2 43572  86.3914  97.2380 0002235  96.0983 264.0467 14.34217481399533
0 IRIDIUM 155
1 43573U 18061E   26071.55146391  .00000022  00000-0  79579-6 0  9995
2 43573  86.3915  97.0985 0002087  94.5847 265.5588 14.34217405399504
0 IRIDIUM 154
1 43574U 18061F   26071.53243633 -.00000073  00000-0 -33250-4 0  9993
2 43574  86.3914  97.2351 0002186  97.8359 262.3085 14.34218001399552
0 IRIDIUM 163
1 43575U 18061G   26071.58317626  .00000042  00000-0  79062-5 0  9999
2 43575  86.3912  97.1323 0002164  91.1262 269.0182 14.34217612399532
0 IRIDIUM 156
1 43576U 18061H   26071.55780588 -.00000025  00000-0 -15871-4 0  9998
2 43576  86.3912  97.1500 0001960  96.2748 263.8671 14.34217175399526
0 IRIDIUM 164
1 43577U 18061J   26071.53877807  .00000064  00000-0  15751-4 0  9996
2 43577  86.3910  97.1971 0002446  98.1441 262.0032 14.34218060399568
0 IRIDIUM 159
1 43578U 18061K   26071.57683390  .00000012  00000-0 -27045-5 0  9997
2 43578  86.3911  97.1195 0002218  89.5290 270.6160 14.34217570399530
0 IRIDIUM 180
1 43922U 19002A   26071.43679363  .00000009  00000-0 -37955-5 0  9993
2 43922  86.3976  34.0169 0002159  84.4790 275.6652 14.34217507375128
0 IRIDIUM 176
1 43923U 19002B   26071.44095016  .00000775  00000-0  11909-3 0  9990
2 43923  86.6100  33.9716 0002549  90.7994 269.3515 14.72245297385012
0 IRIDIUM 168
1 43924U 19002C   26071.43045264  .00000363  00000-0  12271-3 0  9996
2 43924  86.3980  34.0938 0002159  86.5558 273.5885 14.34218458375103
0 IRIDIUM 173
1 43925U 19002D   26071.41776554  .00000126  00000-0  37962-4 0  9990
2 43925  86.3978  33.9920 0002074  84.4501 275.6931 14.34217803375086
0 IRIDIUM 169
1 43926U 19002E   26071.50016219  .00000219  00000-0  65152-4 0  9991
2 43926  86.4174  65.6101 0001513  84.0585 276.0786 14.38606377376327
0 IRIDIUM 172
1 43927U 19002F   26071.62072768  .00000188  00000-0  60200-4 0  9990
2 43927  86.3976  33.9144 0002324  84.7186 275.4275 14.34217891375125
0 IRIDIUM 175
1 43928U 19002G   26071.43640349  .00001138  00000-0  17655-3 0  9997
2 43928  86.1537 331.3580 0002708 103.9573 256.1945 14.72235941385002
0 IRIDIUM 171
1 43929U 19002H   26071.39239541  .00000063  00000-0  15264-4 0  9992
2 43929  86.3988  34.3059 0002146  91.7855 268.3586 14.34217888375080
0 IRIDIUM 170
1 43930U 19002J   26071.37916049  .00001312  00000-0  20426-3 0  9990
2 43930  86.6097  34.0005 0002631  88.1148 272.0370 14.72242751385014
0 IRIDIUM 167
1 43931U 19002K   26071.38605210 -.00000262  00000-0 -10067-3 0  9992
2 43931  86.3977  34.0347 0001882  93.1937 266.9474 14.34216608375080
0 IRIDIUM 181
1 56726U 23068S   26071.53060993  .00000200  00000-0  53507-4 0  9992
2 56726  86.4450  97.2105 0002606  93.1327 267.0172 14.43308388148491
0 IRIDIUM 177
1 56727U 23068T   26071.58470066  .00001805  00000-0  23417-3 0  9992
2 56727  86.2006  14.6489 0002258  75.2653 284.8818 14.80218273152078
0 IRIDIUM 174
1 56728U 23068U   26071.36679746  .00001377  00000-0  21444-3 0  9997
2 56728  86.6105  34.1434 0002565  79.7155 280.4351 14.72257382151772
0 IRIDIUM 178
1 56729U 23068V   26071.50618089  .00000633  00000-0  79848-4 0  9993
2 56729  86.6488  65.7590 0002501  98.7639 261.3866 14.80228401152069
0 IRIDIUM 179
1 56730U 23068W   26071.50080067  .00001330  00000-0  17167-3 0  9994
2 56730  86.6723  74.4611 0002267  94.8997 265.2483 14.80227788152062
